waypoints:
- latitude: 47.40006353779471
  longitude: 8.45033844082197
  yaw: 0.17418822200497155
- latitude: 47.40003329651371
  longitude: 8.450346118930105
  yaw: 0.00957535866359162
- latitude: 47.40004876050602
  longitude: 8.450407298343837
  yaw: 0.0076037629009358025
- latitude: 47.40007840701886
  longitude: 8.450400027239562
  yaw: -0.0017132506239294317
